739231.8     7474250.6
739220.1     7474260.2
739246.9     7474258.7
739244.2     7474243.9
739260.1     7474254.4
739258.7     7474239.7
739273.1     7474250.8
739273.2     7474235.5
739287.2     7474252.5
739288     7474238.8
739235.1     7474262.7
739254.7     7474270.4
739255.6     7474286.3
739262.3     7474293.5
739268.6     7474281.5
739268.8     7474268.1
739286.4     7474276.2
739282.3     7474264.5
739287.5     7474293
739280.8     7474306.5
739290.7     7474316.3
739297.8     7474284.5
739299.5     7474302
739302.4     7474315.9
739312.3     7474325.6
739317     7474312
739326.5     7474321.4
739350.7     7474308
739336.6     7474311.9
739327.4     7474300.6
739312.3     7474297.2
739312.7     7474282.6
739305     7474269.3
739296.5     7474261.1
739301.5     7474245.3
739313.6     7474254.4
739325.7     7474261.8
739305.5     7474231.5
739317.2     7474240.5
739328     7474250.1
739319.4     7474225.7
739331.1     7474236.3
739341.8     7474245.7
739344.8     7474232.8
739403.3     7474323.5
739339.9     7474268.2
739206.6     7474287.4
739199.7     7474300.8
739352.4     7474255.4
739355.5     7474242
739366.3     7474250.9
739212.6     7474273.4
739325.8     7474276.4
739335.7     7474288
739349.6     7474294.5
739363     7474301.7
739376.4     7474309.2
739389.7     7474316.9
739386.9     7474331.7
739373.3     7474324.7
739360.2     7474317.9
739347.6     7474322.5
739201     7474316
739204.6     7474330.7
739208.6     7474345.3
739212.9     7474359.8
